=== Detailed Results for Dataset: breast_cancer ===

--- Model: Standard RPCF ---
Accuracy: 0.8947
Training Time: 0.0925 seconds
Number of Functions (Centers): 2

Evaluation Metrics:
              precision    recall  f1-score   support

          -1       0.83      0.91      0.87        64
           1       0.94      0.89      0.91       107

    accuracy                           0.89       171
   macro avg       0.88      0.90      0.89       171
weighted avg       0.90      0.89      0.90       171

Model Parameters (Functions):
  Function 1:
    Center: [ 0.55175672  0.08385621  0.49967694  0.4630509  -0.33307428 -0.38094339
  0.11162228  0.45038496 -0.04972084 -1.25991118  1.23517252 -0.36441719
  1.07072189  0.85615079  1.25972477 -0.19271489  0.10299512  1.0209254
 -0.61051399 -0.69859387  0.72495663 -0.18193286  0.64155084  0.60193897
  0.7728884  -0.31657521  0.05138875  0.56937998 -0.40566773 -1.11251782]
    Weight (w): [ 1.68148284 -1.24774996  0.53810862  0.79813129 -1.2537496   6.43240888
 -2.83507281  0.42897731 -0.91893496 -4.01876964 -1.5316075   0.22907729
  4.59703837 -4.42600045  0.44571317 -2.08131141  3.71134123 -2.63956616
  0.84246847  0.64944458 -3.61320812 -0.15880059 -1.91290467 -6.04534275
 -0.25785687  1.04815884 -3.06890631  0.52863395 -0.71186575  0.79026211]
    Xi: 0.000000
    Gamma: 8.620176
    QP Objective: 6.7738683984983785

  Function 2:
    Center: [-0.67234446 -0.26753092 -0.69895788 -0.63647917  0.23624926 -0.85662552
 -0.77777187 -0.35516111 -0.70323971  0.01026206  0.86558942  1.61140331
  0.62964962  0.19301926 -0.48167917 -0.86227157 -0.63574335  0.40939496
 -0.58024436 -0.39221028 -0.60244239 -0.3724601  -0.6600903  -0.5748078
 -0.81835446 -1.11022312 -1.01222221 -0.65483845 -1.4928163  -0.81992231]
    Weight (w): [-0.00035379 -0.00852254 -0.00028734 -0.00053143  0.00960973  0.00085461
  0.00283704 -0.00588008 -0.02546866 -0.01207881 -0.01763328  0.01821659
 -0.01085321 -0.00807974  0.00815551  0.00522162  0.01148242 -0.00505162
 -0.00651573  0.00894313 -0.00015478  0.00847931  0.00078661 -0.0003022
  0.0146345   0.00365473  0.00518741 -0.00072836 -0.01072121  0.00590909]
    Xi: 0.217135
    Gamma: 1.000000
    QP Objective: 0.010498280158419

--------------------------------------------------

--- Model: VNS-RPCF ---
Accuracy: 0.9415
Training Time: 4.4445 seconds
Number of Functions (Centers): 2

Evaluation Metrics:
              precision    recall  f1-score   support

          -1       0.91      0.94      0.92        64
           1       0.96      0.94      0.95       107

    accuracy                           0.94       171
   macro avg       0.94      0.94      0.94       171
weighted avg       0.94      0.94      0.94       171

Model Parameters (Functions):
  Function 1:
    Center: [ 1.08002313  1.20782963  0.95688817  0.97840229 -0.55582211 -0.64569556
 -0.39936504 -0.03815306 -0.99896613 -1.09121629  0.05784822  0.39216422
 -0.05002741  0.12041362 -0.53234789 -0.77061273 -0.51969377 -0.53109668
 -0.76912683 -0.39485804  0.96310154  1.46767475  0.82920162  0.7724565
 -0.03807559 -0.4686126  -0.30794576 -0.01532136 -0.6418637  -0.24747691]
    Weight (w): [ 1.78815634 -1.33645994  0.4989811  -0.28083894 -1.48707049  8.20376203
 -3.86755003  0.51895691 -0.69195235 -4.79025008 -2.09738561  0.42436251
  3.99066176 -5.8895336   0.38143607 -2.07556555  4.31161212 -2.56777136
  1.5137682   0.33732365 -2.60619175 -0.59977324 -0.81151396 -6.58077138
 -0.0661801   0.13841445 -3.37268444 -0.58139518 -1.52207541  1.75030018]
    Xi: 0.000000
    Gamma: 7.521892
    QP Objective: 6.327078740892789

  Function 2:
    Center: [-0.67234446 -0.26753092 -0.69895788 -0.63647917  0.23624926 -0.85662552
 -0.77777187 -0.35516111 -0.70323971  0.01026206  0.86558942  1.61140331
  0.62964962  0.19301926 -0.48167917 -0.86227157 -0.63574335  0.40939496
 -0.58024436 -0.39221028 -0.60244239 -0.3724601  -0.6600903  -0.5748078
 -0.81835446 -1.11022312 -1.01222221 -0.65483845 -1.4928163  -0.81992231]
    Weight (w): [-0.00035379 -0.00852254 -0.00028734 -0.00053143  0.00960973  0.00085461
  0.00283704 -0.00588008 -0.02546866 -0.01207881 -0.01763328  0.01821659
 -0.01085321 -0.00807974  0.00815551  0.00522162  0.01148242 -0.00505162
 -0.00651573  0.00894313 -0.00015478  0.00847931  0.00078661 -0.0003022
  0.0146345   0.00365473  0.00518741 -0.00072836 -0.01072121  0.00590909]
    Xi: 0.217135
    Gamma: 1.000000
    QP Objective: 0.010498280158419

