=== Detailed Results for Dataset: heart ===

--- Model: Standard RPCF ---
Accuracy: 0.8022
Training Time: 0.1845 seconds
Number of Functions (Centers): 29

Evaluation Metrics:
              precision    recall  f1-score   support

          -1       0.83      0.80      0.81        49
           1       0.77      0.81      0.79        42

    accuracy                           0.80        91
   macro avg       0.80      0.80      0.80        91
weighted avg       0.80      0.80      0.80        91

Model Parameters (Functions):
  Function 1:
    Center: [-1.26765071  0.68620244  0.87798549 -0.94986465  1.08928997 -0.41763453
 -0.99674925  1.37463023 -0.69663055  0.13837295  0.64911323 -0.72309499
 -0.89852225]
    Weight (w): [ 0.8430935   0.41452488  0.25248146 -0.25250544 -0.01804531 -0.44350534
  0.3585787  -0.37214708  0.60068717 -0.72436186  0.2786179   0.66337006
  0.82963978]
    Xi: 0.000000
    Gamma: 1.000000
    QP Objective: 192.09009036375005

  Function 2:
    Center: [ 0.0621756   0.68620244 -1.20852121 -0.0961698   0.29612138 -0.41763453
 -0.99674925  0.23613812 -0.69663055 -0.89686172 -0.97635214 -0.72309499
 -0.89852225]
    Weight (w): [-0.33412672  0.73379988  0.26094835  0.07610304  0.5773617  -0.44213659
 -0.00790958 -0.15336499 -0.06548523 -0.50630503  0.46828681  0.78367432
 -0.52811494]
    Xi: 0.294337
    Gamma: 1.000000
    QP Objective: 160.07322764542997

  Function 3:
    Center: [ 0.94872647  0.68620244 -2.25177456  0.75752504 -0.2649003   2.394438
  1.01668424  0.01719733 -0.69663055  1.08733806  2.27457861 -0.72309499
  0.65581797]
    Weight (w): [-0.14146266  0.44620568  0.11671878  0.21715806 -0.05022902 -0.28823075
 -0.05014468  0.20192432  0.1210185   0.32239369 -0.14141376  0.65053892
  0.03095097]
    Xi: 0.111958
    Gamma: 1.000000
    QP Objective: 115.36749970793105

  Function 4:
    Center: [-0.82437528  0.68620244 -0.16526786  0.35913411  0.1993935  -0.41763453
  1.01668424  0.27992628 -0.69663055 -0.89686172 -0.97635214 -0.72309499
 -0.89852225]
    Weight (w): [-0.45066672  0.84275653  0.09617695  0.16348125  0.17875923 -0.37891411
  0.15503702  0.72443919 -0.55117916 -0.52007451 -0.35608626 -0.22978643
 -0.1649128 ]
    Xi: 0.556136
    Gamma: 1.000000
    QP Objective: 112.89900415899386

  Function 5:
    Center: [-0.82437528  0.68620244  0.87798549 -1.12060362 -0.82592199 -0.41763453
 -0.99674925 -0.28931978 -0.69663055 -0.81059216 -0.97635214 -0.72309499
 -0.89852225]
    Weight (w): [-0.45167279  1.33904873  0.99776069 -1.07588321 -0.88290626 -1.06240225
 -0.94481226  0.38714445 -0.42976182 -0.77190588 -1.52479907 -0.83995479
 -0.44258918]
    Xi: 1.049744
    Gamma: 1.000000
    QP Objective: 114.6347874809473

  Function 6:
    Center: [ 1.17036419 -1.4572959  -0.16526786  1.61121989  2.19198777 -0.41763453
  1.01668424  0.06098549 -0.69663055 -0.20670527 -0.97635214 -0.72309499
 -0.89852225]
    Weight (w): [ 0.04168632  0.23285394  0.49563136  0.66584759  0.45586997 -0.4208063
  0.44019545  0.47664063 -0.22357641 -0.41499706 -0.06876291 -0.18986267
 -0.38028396]
    Xi: 0.426596
    Gamma: 1.000000
    QP Objective: 88.3214130222188

  Function 7:
    Center: [ 1.28118305  0.68620244  0.87798549 -0.6652997   1.0699444  -0.41763453
  1.01668424  0.06098549 -0.69663055 -0.55178349  0.64911323 -0.72309499
 -0.89852225]
    Weight (w): [-0.57515343 -0.40187266 -0.25416461  0.26711694 -0.07760136 -0.16962152
 -0.25008387 -0.28945187  0.15680774  0.86672528 -0.76107999  0.61614941
  0.4174743 ]
    Xi: 0.000004
    Gamma: 1.000000
    QP Objective: 93.6933938847719

  Function 8:
    Center: [ 1.39200191 -1.4572959  -0.16526786 -0.94986465  6.13848514 -0.41763453
  1.01668424  0.45507891 -0.69663055  0.48345117  0.64911323 -0.72309499
  1.17393137]
    Weight (w): [-0.17661423  0.18011519  0.11779469  0.24944542 -0.28142913 -0.20056413
  0.00472521  0.04746123  0.02905043  0.18986949 -0.18258411  0.21284814
  0.03257699]
    Xi: 0.000000
    Gamma: 1.000000
    QP Objective: 74.04636607263926

  Function 9:
    Center: [-1.04601299  0.68620244  0.87798549 -1.57590754 -0.74853969 -0.41763453
  1.01668424 -0.07037899  1.43548113  1.69122495  0.64911323 -0.72309499
 -0.89852225]
    Weight (w): [-0.04268943  0.67343748  0.79665227 -0.13393542 -0.01957543 -0.37904322
  0.11833689 -0.37295291 -0.17926592  0.00319276  0.80081746 -0.14810271
 -0.21964513]
    Xi: 0.384501
    Gamma: 1.000000
    QP Objective: 76.38869309249793

  Function 10:
    Center: [ 0.83790761 -1.4572959   0.87798549  0.47296009  2.84973733 -0.41763453
  1.01668424  0.32371444 -0.69663055  0.13837295  0.64911323 -0.72309499
 -0.89852225]
    Weight (w): [ 0.2303022  -0.07289266 -0.00106719 -0.12281296 -0.37289553 -0.15176482
  0.13588971  0.13393864  0.09805369  0.43864724 -0.76096055  0.11624008
  0.23795588]
    Xi: 0.125532
    Gamma: 1.000000
    QP Objective: 73.13474915433503

  Function 11:
    Center: [ 0.39463218  0.68620244 -0.16526786 -1.51899455 -0.12948128 -0.41763453
  1.01668424  0.19234996  1.43548113 -0.37924438  0.64911323 -0.72309499
  1.17393137]
    Weight (w): [-0.28856838  0.36841299  0.5656301   0.24351102  0.24047519 -0.15572651
 -0.01100244 -0.2988565  -0.27375853  0.06521735  0.54483699  0.54692897
 -0.10859162]
    Xi: 0.167233
    Gamma: 1.000000
    QP Objective: 63.09639121962464

  Function 12:
    Center: [ 1.39200191 -1.4572959  -0.16526786  1.15591597  0.58630501 -0.41763453
 -0.99674925  0.98053681 -0.69663055 -0.89686172 -0.97635214  0.35255377
 -0.89852225]
    Weight (w): [ 0.07189344  0.18533961  0.26673029  0.1211664   0.33200413 -0.26556672
  0.03205377  0.47322556 -0.1005143  -0.23006392  0.15024284  0.18451074
 -0.4491259 ]
    Xi: 0.305785
    Gamma: 1.000000
    QP Objective: 59.174880964865956

  Function 13:
    Center: [-0.04864326  0.68620244 -0.16526786 -0.6652997   0.21873908 -0.41763453
  1.01668424 -0.11416714 -0.69663055 -0.55178349  0.64911323 -0.72309499
  1.17393137]
    Weight (w): [-0.05318975  0.49096191  0.23484051 -0.0985432  -0.11783441 -0.33116044
  0.27704415  0.48234793 -0.42147102  0.33366051  0.09667601  0.78435642
  0.40461114]
    Xi: 0.426242
    Gamma: 1.000000
    QP Objective: 68.38783817493903

  Function 14:
    Center: [-0.27028098  0.68620244  0.87798549 -1.34825558 -0.2649003   2.394438
 -0.99674925 -0.11416714 -0.69663055 -0.81059216 -0.97635214  2.50385129
  1.17393137]
    Weight (w): [-0.38360895  1.06495234  0.94519982 -0.62196846 -0.14113573  0.44434673
 -0.26498668  0.52448616 -0.55004902 -0.03499269 -0.42577424  0.54804313
  0.43042411]
    Xi: 0.645904
    Gamma: 1.000000
    QP Objective: 61.814373587336846

  Function 15:
    Center: [ 1.83527735 -1.4572959   0.87798549 -1.12060362 -1.88992864 -0.41763453
 -0.99674925 -1.07750662 -0.69663055  0.48345117  0.64911323 -0.72309499
 -0.89852225]
    Weight (w): [-0.18846387  0.2902957   0.2231395   0.06127306  0.32019982 -0.03045471
  0.02336661 -0.01505913  0.24148176 -0.42834737  0.47202223  0.46083654
 -0.05760299]
    Xi: 0.060822
    Gamma: 1.000000
    QP Objective: 45.71526709652713

  Function 16:
    Center: [-0.38109984  0.68620244 -0.16526786 -1.2344296  -1.38694368 -0.41763453
 -0.99674925 -1.16508294 -0.69663055 -0.37924438 -0.97635214 -0.72309499
 -0.89852225]
    Weight (w): [-0.3243785   0.90815173  0.27232811 -0.34597275 -0.19186204 -0.44640886
 -0.62322493 -0.08643213 -0.49574148 -0.72616047 -0.01988683  0.02106042
 -0.4008316 ]
    Xi: 0.492642
    Gamma: 1.000000
    QP Objective: 44.7803075376832

  Function 17:
    Center: [-0.71355642  0.68620244 -1.20852121 -0.0961698  -0.0327534  -0.41763453
  1.01668424  1.33084207 -0.69663055 -0.7243226   0.64911323 -0.72309499
 -0.89852225]
    Weight (w): [ 0.04256428 -0.26685117 -0.02500924 -0.23162302 -0.13169896  0.1039241
  0.32978234 -0.10138058 -0.73970429  0.48078442 -0.30401735  0.20136749
  0.18439452]
    Xi: 0.249143
    Gamma: 1.000000
    QP Objective: 46.063116269675156

  Function 18:
    Center: [ 0.50545103  0.68620244 -2.25177456  2.6356537   0.45088598 -0.41763453
  1.01668424 -0.20174346 -0.69663055  2.72645962  2.27457861 -0.72309499
  1.17393137]
    Weight (w): [ 0.1585759   0.47132885 -0.25424523  0.30728106  0.47990259 -0.28738888
  0.47427548  0.19366454 -0.31823798  0.23499544  0.06963223 -0.36773884
  0.54606046]
    Xi: 0.427885
    Gamma: 1.000000
    QP Objective: 41.75432668672492

  Function 19:
    Center: [ 1.50282077  0.68620244 -0.16526786 -0.77912568  0.58630501 -0.41763453
 -0.99674925  0.06098549 -0.69663055 -0.03416616 -0.97635214  0.35255377
  1.17393137]
    Weight (w): [-0.07042126  0.9123567   0.3740353  -0.002854    0.11213472 -0.37034475
 -0.24374887  0.39041512 -0.15691054  0.06969778  0.10223424  0.33636365
  0.156494  ]
    Xi: 0.346633
    Gamma: 1.000000
    QP Objective: 37.47593507832371

  Function 20:
    Center: [ 0.28381332  0.68620244  0.87798549 -1.2344296  -0.88395872 -0.41763453
 -0.99674925 -1.03371847  1.43548113  0.39718162  0.64911323 -0.72309499
  0.65581797]
    Weight (w): [-0.05217412  0.07732844  0.47162741 -0.40447282 -0.18132195 -0.21962764
 -0.22518769 -0.03227633  0.53948237  0.10630721  0.47150868 -0.1762363
  0.57596624]
    Xi: 0.510219
    Gamma: 1.000000
    QP Objective: 37.35995114779275

  Function 21:
    Center: [-1.37846957 -1.4572959   0.87798549 -1.68973352  0.35415811 -0.41763453
  1.01668424 -1.2088711  -0.69663055 -0.37924438  0.64911323 -0.72309499
 -0.89852225]
    Weight (w): [-0.1758794  -0.16926631  0.21718624 -0.37680128  0.11554369 -0.50917049
  0.33298553 -0.03088361  0.05102349 -0.03695012 -0.01858247  0.00731839
  0.02284909]
    Xi: 0.353413
    Gamma: 1.000000
    QP Objective: 31.150851905840828

  Function 22:
    Center: [ 1.72445849  0.68620244 -1.20852121  1.38356793 -0.0327534  -0.41763453
  1.01668424 -0.28931978 -0.69663055 -0.89686172 -0.97635214 -0.72309499
 -0.89852225]
    Weight (w): [ 0.28214208  0.73403048 -0.28441427  0.55494721 -0.30434875 -0.54791191
  0.70660075  0.52363637 -0.66353226 -0.28179565 -0.57604807 -0.53428977
 -0.60030283]
    Xi: 0.654087
    Gamma: 1.000000
    QP Objective: 30.34708495107169

  Function 23:
    Center: [ 1.83527735 -1.4572959  -1.20852121  1.61121989  1.0699444  -0.41763453
 -0.99674925  0.54265523 -0.69663055 -0.55178349 -0.97635214  1.42820253
 -0.89852225]
    Weight (w): [ 0.32576735 -0.24800584  0.00851387  0.2773127   0.10266276 -0.43774195
 -0.16947151  0.59001135 -0.49731789  0.13286989 -0.57667734  0.20102917
 -0.32343067]
    Xi: 0.428884
    Gamma: 1.000000
    QP Objective: 25.226850410114114

  Function 24:
    Center: [-0.71355642  0.68620244  0.87798549 -0.55147372 -0.47770163 -0.41763453
  1.01668424  1.59357102 -0.69663055 -0.89686172 -0.97635214 -0.72309499
 -0.89852225]
    Weight (w): [-0.5009502   0.25901938  0.59321641 -0.6398906  -0.45432854 -0.46733264
  0.7319728   0.67300402 -1.1653862  -0.51181848 -0.78347565 -0.09589122
 -0.15144081]
    Xi: 0.804498
    Gamma: 1.000000
    QP Objective: 24.407162717113042

  Function 25:
    Center: [ 0.28381332  0.68620244  0.87798549  0.47296009 -1.05806889 -0.41763453
 -0.99674925 -0.07037899 -0.69663055 -0.55178349  0.64911323 -0.72309499
  0.65581797]
    Weight (w): [ 0.14929756 -0.31406161  0.25066825 -0.28773075 -0.04801024  0.1080384
  0.07432928  0.02539577 -0.19231401  0.21679191 -0.50664562 -0.11433914
  0.59989566]
    Xi: 0.286741
    Gamma: 1.000000
    QP Objective: 20.72509931499958

  Function 26:
    Center: [ 1.05954533  0.68620244 -2.25177456  2.18034978 -0.38097376 -0.41763453
  1.01668424  0.23613812 -0.69663055 -0.37924438  0.64911323 -0.72309499
  1.17393137]
    Weight (w): [ 0.1104249   0.42267977  0.06366308  0.59125431  0.267304   -0.44678986
  0.7142979   0.88065708 -1.27877924 -0.25567272  0.16178309 -0.53265272
  0.7633449 ]
    Xi: 0.666814
    Gamma: 1.000000
    QP Objective: 20.86623249850862

  Function 27:
    Center: [ 0.28381332 -1.4572959   0.87798549 -0.6652997   2.07591432 -0.41763453
 -0.99674925  0.58644339  1.43548113 -0.37924438 -0.97635214 -0.72309499
 -0.89852225]
    Weight (w): [ 0.12365358 -0.061161    0.49791954  0.03669181 -0.06805815 -0.35483994
  0.03809634  0.54084298 -0.24710479 -0.30556371  0.31500812 -0.07935131
  0.21910189]
    Xi: 0.230449
    Gamma: 1.000000
    QP Objective: 14.150830782622418

  Function 28:
    Center: [-0.93519414 -1.4572959  -0.16526786  0.58678607 -1.34825253 -0.41763453
  1.01668424  0.45507891  1.43548113  0.31091206  2.27457861 -0.72309499
 -0.89852225]
    Weight (w): [-0.8612484  -1.39649476  0.62232509  0.39886212 -0.98971325 -1.12529406
  1.71745831  2.14459544  0.26888942  0.80772928  1.91752297 -1.29458663
 -0.58914923]
    Xi: 1.325603
    Gamma: 1.000000
    QP Objective: 8.788954745215559

  Function 29:
    Center: [-0.15946212  0.68620244  0.87798549  0.58678607 -0.40031933 -0.41763453
  1.01668424 -1.69054084  1.43548113 -0.89686172 -0.97635214 -0.72309499
  1.17393137]
    Weight (w): [-9.21808214e-01  2.23268050e+00 -2.38182289e-07  1.00270805e+00
 -1.95474125e+00  2.71948965e-02  2.35980000e+00  9.35944069e-01
  1.33923088e+00  5.83509195e-01 -9.89023424e-02 -1.73375973e+00
  1.69276537e+00]
    Xi: 1.299772
    Gamma: 1.000000
    QP Objective: 0.27811003863882827

--------------------------------------------------

--- Model: VNS-RPCF ---
Accuracy: 0.7912
Training Time: 5.8182 seconds
Number of Functions (Centers): 24

Evaluation Metrics:
              precision    recall  f1-score   support

          -1       0.81      0.80      0.80        49
           1       0.77      0.79      0.78        42

    accuracy                           0.79        91
   macro avg       0.79      0.79      0.79        91
weighted avg       0.79      0.79      0.79        91

Model Parameters (Functions):
  Function 1:
    Center: [-1.37846957  0.68620244  0.87798549  0.47296009 -0.40031933 -0.41763453
 -0.99674925  1.24326576 -0.69663055 -0.89686172 -0.97635214 -0.72309499
 -0.89852225]
    Weight (w): [ 0.09733698  0.96482878  0.68665179  0.19735628  0.37232667 -0.72340894
 -0.20028345  0.29692069  0.08195305 -1.04756291  0.34345369  0.67178504
  0.15134666]
    Xi: 0.394444
    Gamma: 1.000000
    QP Objective: 182.47966449416683

  Function 2:
    Center: [-0.15946212  0.68620244  0.87798549  0.58678607 -0.40031933 -0.41763453
  1.01668424 -1.69054084  1.43548113 -0.89686172 -0.97635214 -0.72309499
  1.17393137]
    Weight (w): [-0.25871785  0.96688371  0.94693645  0.63902159 -0.33707978 -0.81737626
  0.68840319 -0.46062601  0.64069824 -0.77249181 -0.36054655 -0.21298901
  0.90664111]
    Xi: 0.788450
    Gamma: 1.000000
    QP Objective: 173.1328457942221

  Function 3:
    Center: [ 1.83527735 -1.4572959   0.87798549 -1.12060362 -1.88992864 -0.41763453
 -0.99674925 -1.07750662 -0.69663055  0.48345117  0.64911323 -0.72309499
 -0.89852225]
    Weight (w): [-0.14188711  0.21259084  0.04688697  0.0402451   0.36393091  0.00893237
  0.18440825 -0.19375499  0.4803967  -0.26581923  0.15160337  0.44658832
  0.11110889]
    Xi: 0.032491
    Gamma: 1.000000
    QP Objective: 130.23700585390043

  Function 4:
    Center: [-0.71355642  0.68620244 -1.20852121 -0.0961698  -0.0327534  -0.41763453
  1.01668424  1.33084207 -0.69663055 -0.7243226   0.64911323 -0.72309499
 -0.89852225]
    Weight (w): [ 0.58464877  0.41866079  0.10163842 -0.27540449 -0.46293524 -0.47057391
  0.39250779  0.14303085 -0.12554248  0.37955257 -0.24188064 -0.05930825
  0.23769195]
    Xi: 0.244459
    Gamma: 1.000000
    QP Objective: 138.24549341214666

  Function 5:
    Center: [ 0.39463218  0.68620244 -0.16526786 -1.51899455 -0.12948128 -0.41763453
  1.01668424  0.19234996  1.43548113 -0.37924438  0.64911323 -0.72309499
  1.17393137]
    Weight (w): [-0.11610555  0.73679223  0.77832419  0.47812018  0.22616388 -0.05637927
 -0.24859815 -0.56468301 -0.27371902  0.39310944  0.25105669  0.06318248
 -0.10293333]
    Xi: 0.140083
    Gamma: 1.000000
    QP Objective: 114.6456556414254

  Function 6:
    Center: [ 1.17036419 -1.4572959  -0.16526786  1.61121989  2.19198777 -0.41763453
  1.01668424  0.06098549 -0.69663055 -0.20670527 -0.97635214 -0.72309499
 -0.89852225]
    Weight (w): [ 0.43026104  0.17349701  0.57808169  0.67932837  0.49511336 -0.72375426
  0.57234225  0.17331038 -0.29666336 -0.05564173 -0.5829565  -0.44391818
 -0.44243605]
    Xi: 0.544463
    Gamma: 1.000000
    QP Objective: 90.27535554470332

  Function 7:
    Center: [ 1.50282077  0.68620244 -0.16526786 -0.77912568  0.58630501 -0.41763453
 -0.99674925  0.06098549 -0.69663055 -0.03416616 -0.97635214  0.35255377
  1.17393137]
    Weight (w): [-0.07351388  0.85028082  0.33069981 -0.26752682  0.03557519 -0.51141696
 -0.36011583 -0.35820826 -0.30765376 -0.22496922 -0.09786763  0.00562676
  0.36337806]
    Xi: 0.411693
    Gamma: 1.000000
    QP Objective: 87.40016128014946

  Function 8:
    Center: [-0.38109984  0.68620244  0.87798549  0.47296009  0.27677581 -0.41763453
  1.01668424  1.59357102  1.43548113 -0.89686172 -0.97635214 -0.72309499
 -0.89852225]
    Weight (w): [ 0.09171216 -0.10568588  0.18685793  0.01316365 -0.15161861  0.0377397
 -0.03847504 -0.41038734 -0.36995978  0.45070295 -0.38310332  0.22076441
  0.24827023]
    Xi: 0.098033
    Gamma: 1.000000
    QP Objective: 73.5057633439982

  Function 9:
    Center: [-0.15946212  0.68620244 -0.16526786 -0.0961698  -0.96134102  2.394438
  1.01668424  0.10477365 -0.69663055  0.13837295  2.27457861 -0.72309499
 -0.89852225]
    Weight (w): [ 2.31893044e-01  2.39622317e-01  7.07266634e-03 -1.96802744e-01
  1.17536559e-01  6.77512382e-05  1.13441091e-02  1.62000454e-01
  2.26691984e-01  1.45031416e-01 -1.84865542e-01  3.65970043e-02
  1.89131902e-01]
    Xi: 0.124188
    Gamma: 1.000000
    QP Objective: 64.25899880070183

  Function 10:
    Center: [-0.04864326  0.68620244 -0.16526786 -0.6652997   0.21873908 -0.41763453
  1.01668424 -0.11416714 -0.69663055 -0.55178349  0.64911323 -0.72309499
  1.17393137]
    Weight (w): [-2.99466358e-04  1.29486244e+00  2.07169520e-01 -7.33032896e-02
 -3.75655205e-02 -9.32109209e-01  2.24250801e-01  4.98865061e-01
  3.70835639e-01  2.46066253e-01 -2.82145030e-01  8.08815246e-01
  3.89019796e-01]
    Xi: 0.421343
    Gamma: 1.000000
    QP Objective: 83.40911120428969

  Function 11:
    Center: [ 1.05954533 -1.4572959   0.87798549 -0.0961698   1.08928997 -0.41763453
 -0.99674925 -1.2088711  -0.69663055  0.82852939  0.64911323  1.42820253
 -0.89852225]
    Weight (w): [ 0.28905041 -0.00098503  0.2426966  -0.1313949  -0.01930515  0.25331332
  0.02073076 -0.0620706   0.23455476  0.34802602 -0.24093436  0.05529334
  0.02838599]
    Xi: 0.241646
    Gamma: 1.000000
    QP Objective: 66.88199066557094

  Function 12:
    Center: [ 0.28381332  0.68620244 -0.16526786  1.04208999 -2.33487687  2.394438
 -0.99674925  1.02432497 -0.69663055 -0.7243226  -0.97635214  0.35255377
  1.17393137]
    Weight (w): [-0.1260412   0.24679221  0.06056279  0.03361467  0.24828564 -0.03001003
  0.104546   -0.56089825  0.19850144 -0.28040813  0.14460743  0.48443725
  0.09038012]
    Xi: 0.108415
    Gamma: 1.000000
    QP Objective: 54.378471968254594

  Function 13:
    Center: [ 1.05954533  0.68620244  0.87798549 -0.20999578  0.31546696 -0.41763453
 -0.99674925 -1.95326979  1.43548113 -0.7243226   0.64911323  0.35255377
  1.17393137]
    Weight (w): [ 0.09530059 -0.32031641  0.55921205 -0.23428428  0.08292516 -0.08646954
  0.2620751  -0.25478876  0.33804409  0.46784425 -0.41146997  0.04510659
  0.65142007]
    Xi: 0.379483
    Gamma: 1.000000
    QP Objective: 70.48992643362402

  Function 14:
    Center: [-1.37846957  0.68620244 -2.25177456  0.92826401 -0.05209898 -0.41763453
  1.01668424  1.24326576 -0.69663055 -0.20670527 -0.97635214  1.42820253
 -0.89852225]
    Weight (w): [ 0.39716558  0.37272438 -0.0743888  -0.11459298 -0.35820078 -0.58514616
  0.29865589 -0.17412421  0.04433841 -0.31842333 -0.20466668  0.1886817
 -0.01777898]
    Xi: 0.220896
    Gamma: 1.000000
    QP Objective: 48.25074790725021

  Function 15:
    Center: [ 0.83790761 -1.4572959   0.87798549  0.47296009  2.84973733 -0.41763453
  1.01668424  0.32371444 -0.69663055  0.13837295  0.64911323 -0.72309499
 -0.89852225]
    Weight (w): [ 0.05113477  0.01902764  0.02003738 -0.06856474 -0.34627861 -0.5025651
  0.2338212   0.12235882  0.36151555  0.05110922 -0.51273201  0.52430052
 -0.09779153]
    Xi: 0.135789
    Gamma: 1.000000
    QP Objective: 45.97924879697411

  Function 16:
    Center: [ 0.28381332  0.68620244  0.87798549  0.47296009 -1.05806889 -0.41763453
 -0.99674925 -0.07037899 -0.69663055 -0.55178349  0.64911323 -0.72309499
  0.65581797]
    Weight (w): [-0.01726776 -0.50532055  0.2587974  -0.12989171  0.74025384  0.33254742
  0.20251249 -0.18060621 -0.13733507 -0.42029037  0.40784725  1.06561295
  0.75607072]
    Xi: 0.234871
    Gamma: 1.000000
    QP Objective: 35.79659424615445

  Function 17:
    Center: [ 0.72708875  0.68620244 -0.16526786  1.04208999 -0.07144455  2.394438
 -0.99674925 -0.55204873  1.43548113 -0.03416616  0.64911323 -0.72309499
 -0.89852225]
    Weight (w): [ 0.25505831 -0.33113135  0.21068664 -0.30076538 -0.12945088  0.30481783
 -0.07939235 -0.16094749  0.19571904 -0.21274895 -0.006832   -0.1416511
  0.01931201]
    Xi: 0.290235
    Gamma: 1.000000
    QP Objective: 33.64331917319555

  Function 18:
    Center: [-0.71355642  0.68620244  0.87798549 -0.55147372 -0.47770163 -0.41763453
  1.01668424  1.59357102 -0.69663055 -0.89686172 -0.97635214 -0.72309499
 -0.89852225]
    Weight (w): [-0.28385252  0.17828716  0.27101648 -0.24115348  0.28641354 -0.14485115
  0.36755521 -0.19255862 -0.20575021 -0.24185709 -0.06570918  0.74809121
 -0.06862853]
    Xi: 0.314140
    Gamma: 1.000000
    QP Objective: 27.100816919822467

  Function 19:
    Center: [-0.04864326  0.68620244 -1.20852121 -1.34825558  1.20536342 -0.41763453
 -0.99674925  0.27992628 -0.69663055 -0.89686172 -0.97635214 -0.72309499
  1.17393137]
    Weight (w): [-0.07636135 -0.24287912  0.31545318  0.79380618 -0.71775011 -0.19344505
 -0.23385646 -0.54202994 -0.45075281  0.47278298  0.0828266   0.34305325
 -0.18308359]
    Xi: 0.051071
    Gamma: 1.000000
    QP Objective: 27.632859855253756

  Function 20:
    Center: [ 1.72445849  0.68620244 -1.20852121  1.38356793 -0.0327534  -0.41763453
  1.01668424 -0.28931978 -0.69663055 -0.89686172 -0.97635214 -0.72309499
 -0.89852225]
    Weight (w): [-0.73733061  0.39535282  0.25717627  0.26617271  0.19462385 -0.80599498
  0.07826976 -0.4329347  -0.43226787 -0.57178815  0.49814422  0.51790303
 -0.08527134]
    Xi: 0.225730
    Gamma: 1.000000
    QP Objective: 24.943972348396116

  Function 21:
    Center: [-0.27028098  0.68620244  0.87798549 -1.34825558 -0.2649003   2.394438
 -0.99674925 -0.11416714 -0.69663055 -0.81059216 -0.97635214  2.50385129
  1.17393137]
    Weight (w): [-0.11672843  0.89533772  0.9022904  -0.33581034 -0.54025136  0.53719445
 -0.5441243  -0.08449032 -0.53560952 -0.75214417 -0.70244031  0.30016772
  0.57883707]
    Xi: 0.674975
    Gamma: 1.000000
    QP Objective: 22.495487158867824

  Function 22:
    Center: [ 1.28118305  0.68620244  0.87798549 -0.6652997   1.0699444  -0.41763453
  1.01668424  0.06098549 -0.69663055 -0.55178349  0.64911323 -0.72309499
 -0.89852225]
    Weight (w): [-0.43697539 -0.45205077 -0.55879514  0.11589092  0.03831781  0.05106222
 -0.1155689  -0.24412949 -0.44090717 -0.13277364  0.06587464  1.62431358
  0.2327632 ]
    Xi: 0.145554
    Gamma: 1.000000
    QP Objective: 18.09913504813769

  Function 23:
    Center: [-1.15683185  0.68620244 -1.20852121 -0.6652997   0.31546696 -0.41763453
 -0.99674925  1.02432497 -0.69663055 -0.89686172 -0.97635214 -0.72309499
  1.17393137]
    Weight (w): [-1.57401498  3.34862827  3.38247211  1.98099601  2.89128774  0.28716585
 -0.78399334 -3.37241861 -1.80772742 -3.07956176  2.40437817  6.3140841
 -1.83361118]
    Xi: 0.000000
    Gamma: 1.000000
    QP Objective: 7.807200553881813

  Function 24:
    Center: [ 0.28381332  0.68620244  0.87798549 -1.2344296  -0.88395872 -0.41763453
 -0.99674925 -1.03371847  1.43548113  0.39718162  0.64911323 -0.72309499
  0.65581797]
    Weight (w): [ 7.42200861e-02  3.07624999e-01 -9.94151129e-10  6.13612062e-01
 -7.33890407e-01  2.27435148e-10  1.21992783e-06 -2.75213493e-01
 -4.12314066e-03  3.01735357e-01  9.17421041e-01  3.94635342e-01
  5.20418952e-01]
    Xi: 0.485621
    Gamma: 1.000000
    QP Objective: 0.03686122536755876

