=== Detailed Results for Dataset: ionosphere ===

--- Model: Standard RPCF ---
Accuracy: 0.8868
Training Time: 0.1780 seconds
Number of Functions (Centers): 7

Evaluation Metrics:
              precision    recall  f1-score   support

          -1       0.88      0.79      0.83        38
           1       0.89      0.94      0.91        68

    accuracy                           0.89       106
   macro avg       0.89      0.87      0.87       106
weighted avg       0.89      0.89      0.89       106

Model Parameters (Functions):
  Function 1:
    Center: [-2.86998991  0.          0.72164805 -2.3692351   0.76847698  1.92134039
  0.91453109  1.69351314  0.96407416  1.69437177  0.93091129  1.71005645
  0.96442876 -2.21263915  1.00604948  2.02934814  1.00147721  2.02320137
  1.02436357 -1.88290035  1.08924333 -1.94867188  1.05741798 -1.78960762
  1.04542562 -1.82920182  0.88920842  1.9473005   1.08084342 -1.91639814
  1.13460972  1.95731486  1.24662489  2.10729944]
    Weight (w): [ 0.72007084 -0.          0.19823685 -0.15352434  0.25545055 -0.0526539
  0.14768936  0.18846505  0.05052399  0.19578239 -0.28321183 -0.05616994
  0.01373019 -0.0012671   0.21260131 -0.24295825 -0.04032951  0.08867366
 -0.13025425 -0.03053038  0.10654367 -0.09336306  0.03665624 -0.01121196
  0.13282505  0.07824897 -0.68346369  0.24403825  0.30924576  0.21522838
  0.14389821  0.00940267  0.05504105 -0.18505984]
    Xi: 0.008948
    Gamma: 1.000000
    QP Objective: 1.1599762505128859

  Function 2:
    Center: [ 0.34843328  0.          0.04078109 -2.3692351   0.76847698  1.92134039
  0.91453109 -1.52415164  0.58672103 -1.21244306  0.93091129 -2.33760822
  0.96442876 -1.99763095  1.00604948  1.44805042 -0.3338938   1.43822455
  1.02436357  1.55185919  1.08924333  1.63188957  1.05741798 -1.78960762
  1.04542562  1.82121341  0.88920842 -0.02944498  1.01097301 -0.65962134
  1.13460972  1.28006957  1.24662489  0.71169878]
    Weight (w): [ 0.42347674 -0.          0.20986299 -0.24482683  0.23327961 -0.1370938
  0.02963138  0.31129269 -0.22864063 -0.05838426 -0.31578161  0.04108724
  0.11577155  0.27670774  0.17102171 -0.18704695  0.29206952  0.21337386
 -0.37856819  0.02322245  0.15628777 -0.23697894  0.09393957 -0.03853569
  0.06463038 -0.12787244  0.07725845 -0.25206637 -0.0978595   0.70189228
  0.10607758 -0.24915154 -0.05628156 -0.24467208]
    Xi: 0.000000
    Gamma: 1.000000
    QP Objective: 1.8897272880243259

  Function 3:
    Center: [ 0.34843328  0.          0.72164805 -0.04483129  0.7621586  -0.14621
  0.8646278  -0.09217245  0.20855818 -2.44503389  0.77160598 -0.0881793
  0.77872113  0.89643006  0.7311135   0.15345208  0.62763944  0.31348776
  1.02436357  0.83740003  0.52845024  0.30035934  0.39625444  0.42256291
  0.25678424  0.46297937 -0.10276237  0.41826363  0.09801475  0.35932401
  0.05433322  0.29358689  1.24662489  2.10729944]
    Weight (w): [-0.         -0.         -0.03322454 -0.72089263  0.30359742  0.5001162
  0.22680485 -0.04739923 -0.2222321   0.27606484 -0.11716396  0.31079847
  0.32431134 -0.02820004  0.28024604 -0.22290752 -0.16382921  0.02293985
 -0.56474598 -0.16049874  0.23336326 -0.13835269  0.01231159  0.2163105
  0.30355766 -0.01164902 -0.24949479 -0.03276317  0.93095212  0.43532485
 -0.29007071  0.3067121  -0.38183552 -0.75568914]
    Xi: 0.000000
    Gamma: 1.000000
    QP Objective: 1.7762096479175773

  Function 4:
    Center: [ 0.34843328  0.         -1.29042961 -0.1006609   0.74765329 -0.74522784
 -0.73361923 -0.33347663 -1.01087286 -0.37533106  0.81082807 -0.16609684
  0.96442876 -0.59375386  1.00604948 -0.00188399  1.00147721 -0.22153481
 -0.57467942  0.04634965  1.08924333 -0.42345258  1.05741798 -0.68124404
 -0.6857975   0.1401952   0.88920842 -0.1932528  -0.65809158  0.05501645
  1.13460972 -0.49852803 -0.11529323 -0.36615618]
    Weight (w): [-0.         -0.          0.47084337 -0.19901776  0.18017907  0.32690956
 -0.14650889 -0.16692343  0.03034987 -0.20307957 -0.20380727  0.43793551
  0.22884667  0.06950291  0.16558142  0.02359184 -0.52776505  0.17931235
 -0.30851043  0.06770722  0.00833948 -0.16371437  0.26255364  0.28026735
  0.72344882 -0.27361838 -0.27427387  0.37933936  0.50241684 -0.26200198
 -0.5328427   0.06076656  0.04829666 -0.04546387]
    Xi: 0.000000
    Gamma: 1.000000
    QP Objective: 1.9215339442401764

  Function 5:
    Center: [ 0.34843328  0.          0.72164805 -0.52781074  0.63430773 -1.03758697
 -1.33910577 -2.02945199  0.96407416 -0.46948184  0.05785987 -1.68478062
 -0.09090821 -1.599628   -1.32077439 -2.28587042 -0.52979769 -1.24735087
 -0.04525228 -1.88290035 -0.76886206 -0.8915184  -0.90069558 -0.56945458
 -1.03778979 -0.38305389 -1.44784862 -0.20841918 -0.9891848  -0.17352964
 -0.90906286 -0.11521328 -0.93260505 -0.08328554]
    Weight (w): [-0.         -0.          0.58425217 -0.27569857  0.23223177  0.25891991
 -0.12117097 -0.16903575 -0.2620619  -0.07788453 -0.69749426  0.03720794
  0.30078089  0.35611067  0.14575919  0.61684203 -0.21717841 -0.16712989
 -0.32943078  0.34220047  0.50995942 -0.11399936  0.42072433 -0.1489305
  0.12151839 -0.3046967  -0.34724812  0.04492246  0.18837191 -0.08878123
  0.22302122 -0.12066276  0.01525324 -0.03884803]
    Xi: 0.000000
    Gamma: 1.000000
    QP Objective: 1.8486567116014996

  Function 6:
    Center: [ 0.34843328  0.         -1.18057017 -0.06806149 -1.20767329 -0.15192548
 -1.08897948 -0.14111405 -1.164109   -0.35749022 -0.81561807 -0.44753097
 -0.70523382 -0.10181509 -0.65576158 -0.25586175 -0.77256295  0.1694913
 -0.63900892  0.14613046 -0.51987978  0.02839839 -0.6631796   0.08717556
 -0.63107354  0.123219   -1.03405054  0.15799545 -0.61312272  0.07766801
 -0.57240519  0.02980207 -0.75748185 -0.04325728]
    Weight (w): [-0.         -0.          1.56269296 -0.45846868  0.59859102  0.76752787
  0.4450738  -0.4439851   1.09576768  0.54851317 -0.68751862  0.78565533
  0.29074842  0.44433963  0.28231942 -0.56112064  0.08961655  0.07743584
 -0.25197031  0.12213935 -0.3097141  -0.4525557   0.05383683 -0.88856737
 -0.19058621  0.82879177 -0.47006263  0.36880237 -0.22734208  0.89111192
 -0.4833186  -0.00518319 -0.04347573 -0.07003757]
    Xi: 0.000000
    Gamma: 1.000000
    QP Objective: 2.2563481028375363

  Function 7:
    Center: [ 0.34843328  0.         -0.08640234  0.81430044  0.43732069  1.49802488
  0.42669844  1.13023286  0.64828013 -0.60266721  0.88312325 -0.15225383
  0.89721476 -1.92380978  0.88274783  1.77687787  0.92778234 -0.09765712
  0.84323997  0.39621914  1.06434838 -1.36103369  0.83632245 -1.51915233
 -0.19059844 -0.45186462  0.88920842  0.43750836  0.43670712  0.89635706
  0.92007194  1.58696706  0.90134097  1.4406322 ]
    Weight (w): [-0.         -0.          0.4645016  -0.45386148  0.32553189  0.43157194
  0.4273948   0.12120654  0.35611324  0.44067495  0.213257   -0.00467286
 -0.19410539 -0.50267357  0.29031225 -0.00933208  0.59510868 -0.62282838
  0.33793625 -0.10847137 -0.59518117  0.50825096 -0.02504856 -0.15838745
  0.26488389 -0.07829854  0.2926042  -0.02545907  0.49357308  0.35367825
  0.10714035 -0.44875999  0.47039192 -0.69426935]
    Xi: 0.160158
    Gamma: 1.000000
    QP Objective: 0.5631937961586297

--------------------------------------------------

--- Model: VNS-RPCF ---
Accuracy: 0.8962
Training Time: 2.0846 seconds
Number of Functions (Centers): 7

Evaluation Metrics:
              precision    recall  f1-score   support

          -1       0.91      0.79      0.85        38
           1       0.89      0.96      0.92        68

    accuracy                           0.90       106
   macro avg       0.90      0.87      0.88       106
weighted avg       0.90      0.90      0.89       106

Model Parameters (Functions):
  Function 1:
    Center: [-2.86998991  0.          0.72164805  2.1679133   0.76847698 -2.42503783
  0.91453109  1.69351314 -2.98581989  1.69437177 -0.84625644 -0.31377589
  0.96442876  1.83457409 -0.52793468 -0.15540672 -0.61890236  0.00729116
 -2.17372241  1.97559966 -2.19505002  1.91660593  1.05741798  2.00758853
  1.04542562 -1.82920182  0.88920842  1.9473005   1.08084342  2.02643105
  1.13460972 -1.94251982 -2.58539244  2.10729944]
    Weight (w): [ 0.76617574 -0.          0.1992812  -0.15507759  0.23615707 -0.03115715
  0.1083461   0.16446988  0.0561587   0.14016388 -0.28017195 -0.02814004
 -0.0506501  -0.00538686  0.19936191 -0.25924677 -0.01376025  0.10430932
 -0.1576859  -0.05978712  0.09974536 -0.08190023  0.03461558 -0.02089303
  0.13853219  0.11941826 -0.70034354  0.23334401  0.29504289  0.23588928
  0.1243728  -0.01109222  0.08848626 -0.18459199]
    Xi: 0.000000
    Gamma: 1.000000
    QP Objective: 1.1634607523920817

  Function 2:
    Center: [ 0.34843328  0.         -0.26563822 -2.23302991  0.76847698  0.32856663
 -1.18974145 -2.15258481  0.96407416 -2.44503389 -0.06990072 -2.33760822
 -0.64510176 -0.18903253 -2.06191883 -0.90401297 -1.22947758  0.08032759
  1.02436357 -1.88290035 -0.55290335 -0.01603297 -0.60121315  0.10899046
 -0.9671732   1.95668823 -0.2795917   0.60910876 -0.65809158  0.05501645
  1.13460972  0.45954435 -0.66938378 -0.03096227]
    Weight (w): [ 0.41740798 -0.          0.0434174  -0.24125788  0.36179674  0.12940462
  0.185905    0.28911733 -0.40539292  0.13791009 -0.37997072 -0.2646768
  0.16540312  0.09423546  0.3069528  -0.02629034  0.16117571  0.03479732
 -0.28257122  0.19773578  0.2890802   0.00962665  0.18326099 -0.05294592
 -0.01239685 -0.19295699  0.01579016 -0.41807393 -0.22230511  0.61532734
  0.17498066 -0.26600924 -0.23022447 -0.2501088 ]
    Xi: 0.000000
    Gamma: 1.000000
    QP Objective: 1.8335327320050983

  Function 3:
    Center: [ 0.34843328  0.          0.72164805 -0.22609037  0.76847698 -2.42503783
 -0.10182929 -0.44320581 -0.29769974 -0.83526042  0.93091129 -0.83414366
 -0.37684131 -0.41387546  1.00604948 -0.91264275  1.00147721 -0.77595043
  1.02436357 -0.78056548 -0.55290335 -0.4991927   1.05741798 -0.84663091
  1.04542562 -0.4068639   0.88920842 -0.91286382  1.08084342 -0.49260309
  1.13460972 -1.22409228  1.24662489 -1.44082513]
    Weight (w): [-0.         -0.          0.21898918 -0.68439626 -0.04726509  0.34318291
  0.28099476  0.29654709  0.1834673  -0.01247372  0.03422495  0.35633393
  0.41732613 -0.18379202  0.0748712  -0.33950437 -0.17570002  0.30211279
 -0.72647603 -0.5270061   0.49726827 -0.27728577 -0.05382293  0.2411556
 -0.2332713  -0.13367954 -0.31896745  0.27000163  0.40189274  0.47405784
  0.07533104  0.17063956 -0.18230146 -0.3647949 ]
    Xi: 0.000000
    Gamma: 1.000000
    QP Objective: 1.8806440097527077

  Function 4:
    Center: [ 0.34843328  0.          0.17289411 -0.21408961  0.56122257 -0.17661291
  0.91453109  1.16903999  0.29978098 -0.4976298   0.01001852 -0.65414401
  0.67163906  0.00440403  0.34364444  2.02934814  0.19866015  0.44712245
  0.49376912  0.23927465  1.08924333 -0.59582465  1.03479425 -1.78960762
  0.30572591  0.78471976  0.05466713  0.39375709  0.07700841  0.21631759
  0.23964213  0.29292392  1.24662489  2.10729944]
    Weight (w): [-0.         -0.          0.44487863 -0.23865885  0.23863968 -0.11480323
 -0.31978449  0.05213793  0.12191062  0.0524055   0.125985    0.39213656
 -0.11665992  0.05544654  0.02038451 -0.44111731 -0.09166706  0.27128264
 -0.18169103 -0.03612424 -0.2471864  -0.36431354  0.12145375  0.24424035
  0.5526945  -0.08710984 -0.23162559  0.3127598   0.21302406 -0.04394508
 -0.10743795  0.07678349  0.05668289 -0.51812074]
    Xi: 0.000000
    Gamma: 1.000000
    QP Objective: 1.7829460110321462

  Function 5:
    Center: [ 0.34843328  0.         -0.00640213  2.1679133  -0.75654484 -2.42503783
  0.91453109  1.69351314  0.72153092  0.26464176 -2.03493285  1.71005645
 -0.74040206  1.00028155 -0.50102859 -0.04520768 -1.45396497 -2.00861904
 -0.34675183 -0.01710338 -0.01633192 -0.8636884  -2.25984427  2.00758853
  0.71512556 -1.82920182  0.88920842  0.01481609  1.08084342  2.02643105
 -0.25649511 -1.94251982  1.24662489  2.10729944]
    Weight (w): [-0.         -0.          0.01684326 -0.19632171  0.37661     0.20774127
  0.25472527 -0.21210105  0.24648201  0.21665754 -0.22581987 -0.05671465
 -0.09002333 -0.04125334  0.00298846  0.4004199  -0.20162491 -0.00117894
  0.21498346  0.06505418 -0.0242413  -0.04585701 -0.21093434 -0.93353998
  0.35482805 -0.02367771 -0.61387263 -0.00520679  0.64345947  0.12101498
 -0.05067257  0.4604253   0.06109869 -0.24772212]
    Xi: 0.000000
    Gamma: 1.000000
    QP Objective: 1.6171517242675606

  Function 6:
    Center: [ 0.34843328  0.         -1.21292438 -0.04240392 -1.14961355 -0.25184872
 -1.07759624 -0.26793913 -0.968609   -0.47867132 -0.93244908 -0.33976189
 -0.62213376 -0.23521123 -0.52793468 -0.22708852 -0.69518983 -0.05022276
 -0.60205504  0.11514671 -0.51776141 -0.00776128 -0.51602585  0.06566445
 -0.59688189  0.17670782 -0.97329032  0.15517338 -0.62336505  0.06907264
 -0.66272029 -0.02875395 -0.69672522  0.01173881]
    Weight (w): [-0.         -0.          1.51464683 -0.69127272  1.19216455 -0.29491905
  0.16401622 -0.14501357  0.36192533  0.87088104 -0.11254214 -0.27275952
 -0.54108587  0.56820551 -0.16364725 -0.13617214 -0.12534047 -0.48458
 -0.19769807 -0.5802135  -0.48102234 -0.0758566  -0.25211778 -0.36353229
  0.32448356 -0.42041553 -0.14764903 -0.493817    0.69911696  0.30699957
  0.66262494  0.2142471  -0.5355068  -1.06378739]
    Xi: 0.038668
    Gamma: 1.000000
    QP Objective: 1.6520931130634005

  Function 7:
    Center: [ 0.34843328  0.         -0.5021177  -0.24455656  0.71962512 -0.15779309
  0.91453109  1.69351314 -0.30342709 -0.05868722  0.121909   -0.04946338
  0.3458379  -1.85021121  0.3592604   1.32826031  0.46336536 -0.20333114
  0.17114621 -0.17680669  0.52391791  0.26984297  0.77891723  0.97327027
  0.12813705  0.4635308  -0.09418765  0.39297419 -0.09358111  0.0035231
  0.06775607  0.27104584 -0.01006603  0.24177301]
    Weight (w): [-0.         -0.          0.00627306  0.00056829 -0.00516725 -0.00037871
 -0.01004569 -0.01576361  0.00747476 -0.00417991  0.00221458 -0.00123077
  0.00368738  0.01002764  0.0028857  -0.00362395 -0.00149639  0.0062783
  0.0034562   0.00828321 -0.00048291 -0.00995424 -0.00260522 -0.00733809
  0.00391538  0.00168496  0.00483893  0.00071716  0.0065064   0.00258497
  0.006107    0.00157909  0.00850502  0.00656646]
    Xi: 0.156421
    Gamma: 1.000000
    QP Objective: 0.10256274380540491

