=== Detailed Results for Dataset: wbcd ===

--- Model: Standard RPCF ---
Accuracy: 0.9766
Training Time: 0.0643 seconds
Number of Functions (Centers): 2

Evaluation Metrics:
              precision    recall  f1-score   support

          -1       0.97      0.99      0.98       107
           1       0.98      0.95      0.97        64

    accuracy                           0.98       171
   macro avg       0.98      0.97      0.97       171
weighted avg       0.98      0.98      0.98       171

Model Parameters (Functions):
  Function 1:
    Center: [-0.3769697  -0.42577149 -0.36737677 -0.41691445 -1.13297385 -0.29168192
 -0.18706048 -0.20865129 -0.86753217 -0.75099132 -0.14895952  0.08735444
 -0.09804538 -0.21489244 -0.54001486  0.51931784  0.44948601  0.33153432
 -0.22427356  0.10292073 -0.52375102 -0.75188613 -0.49269389 -0.50906186
 -1.62318142 -0.46479576 -0.39382143 -0.4818643  -1.47663849 -0.74344848]
    Weight (w): [-0.07859467  0.05733047 -0.05240595  0.06039809 -0.0269236  -0.02577929
  0.54014532  0.65762001 -0.19942926 -0.36480711  0.49176233 -0.25341706
  0.30686494  0.44809342  0.1001953  -0.13837421 -0.17905093  0.17623242
 -0.06907906 -0.20124743  0.22634397  0.66145521  0.2188422   0.36275886
  0.10531138 -0.11623156  0.26554371  0.1718659   0.46898611  0.0370836 ]
    Xi: 0.000000
    Gamma: 2.099117
    QP Objective: 0.21040303483313283

  Function 2:
    Center: [ 0.02633046  1.99205126  0.02393013 -0.08813619 -1.00558771 -0.0083573
  0.26994047 -0.12482084 -1.71455103 -0.21371938 -0.251822    2.00874463
 -0.37674761 -0.22831348 -0.24466956  0.16609595  0.2190447  -0.27350773
 -1.05245053 -0.07788341 -0.10751514  2.42031093 -0.14181671 -0.20494296
 -1.06383545 -0.07420598  0.16413056 -0.49358878 -1.63518099 -0.33170895]
    Weight (w): [ 0.07115353  0.09154523  0.05039325  0.06991737  0.31679863 -0.11784419
  0.3099662   0.326156   -0.43120545 -0.22791444  0.15781551  0.16166543
  0.10056446  0.10642016  0.05837167 -0.39021316  0.21796656  0.07791589
 -0.13603822 -0.4724548   0.08128683  0.18468905  0.1310749   0.08805633
  0.33331367 -0.18886828  0.2181477   0.11441373 -0.04276747 -0.42409826]
    Xi: 0.145033
    Gamma: 1.000000
    QP Objective: 0.02721476796259771

--------------------------------------------------

--- Model: VNS-RPCF ---
Accuracy: 0.9825
Training Time: 0.9569 seconds
Number of Functions (Centers): 2

Evaluation Metrics:
              precision    recall  f1-score   support

          -1       0.97      1.00      0.99       107
           1       1.00      0.95      0.98        64

    accuracy                           0.98       171
   macro avg       0.99      0.98      0.98       171
weighted avg       0.98      0.98      0.98       171

Model Parameters (Functions):
  Function 1:
    Center: [-0.36844927 -0.8283541  -0.3739672  -0.4208962  -0.42416605 -0.41031818
 -0.38229028 -0.46788081 -0.38925858 -0.51992186 -0.92133046 -1.32329794
 -0.82722547 -0.6313848  -0.72268894 -0.42018532  0.04264934 -0.55737465
 -0.54876395 -0.56961016 -0.45127214 -1.03034902 -0.41822929 -0.48304475
  0.01014389  0.04284373  0.36178853 -0.2554448   0.17026217 -0.32838401]
    Weight (w): [ 0.09997384  0.23701198  0.14434446  0.1921522   0.15081278 -0.11992307
  0.4510932   0.43975281 -0.0978232  -0.36524298  0.39061066 -0.36060179
  0.45201933  0.47222912  0.16021832 -0.28710997 -0.20741725  0.15782192
 -0.12378085 -0.11780667  0.19697437  0.53520011  0.2592174   0.33616972
  0.24453671 -0.08529489  0.61439354 -0.06459172  0.6583577  -0.15855408]
    Xi: 0.000000
    Gamma: 1.671569
    QP Objective: 0.18367903745055048

  Function 2:
    Center: [ 0.06041217 -1.35427127  0.02228252 -0.03893322  0.19212668 -0.53255522
 -0.3962263  -0.07452258  0.96159048 -1.17910775  0.42165659 -0.73436191
  0.44401314  0.17497786  0.01600768 -0.62585882 -0.27499494  0.17256885
  0.2564081  -0.88204577  0.10370904 -1.4293163   0.09349141 -0.0129789
 -0.1169802  -0.64736786 -0.52287481 -0.08993168  0.26085788 -1.28707765]
    Weight (w): [ 0.02071114 -0.24301001 -0.0047374   0.0110881   0.49270559 -0.05574946
  0.14049145  0.23342602 -0.13516181 -0.25160253  0.18664347 -0.03217827
 -0.09710902  0.07980522 -0.15196734 -0.59171627  0.11811722  0.16784136
  0.16190019 -0.64600695  0.01873813 -0.12649238 -0.02265234  0.03040206
  0.22603106 -0.23342415  0.04816282  0.14158306  0.08922314 -0.46373755]
    Xi: 0.232243
    Gamma: 1.000000
    QP Objective: 0.027996257456594405

