=== Detailed Results for Dataset: wbcp ===

--- Model: Standard RPCF ---
Accuracy: 0.8000
Training Time: 0.0125 seconds
Number of Functions (Centers): 3

Evaluation Metrics:
              precision    recall  f1-score   support

          -1       0.80      0.98      0.88        46
           1       0.75      0.21      0.33        14

    accuracy                           0.80        60
   macro avg       0.78      0.60      0.61        60
weighted avg       0.79      0.80      0.75        60

Model Parameters (Functions):
  Function 1:
    Center: [ 0.00778679  0.44635985 -0.07137392  0.4146137   0.39845004 -0.07056524
 -0.07529977  0.04485084  0.01966187  0.05648885 -0.19186565  0.69749082
  1.26929084  0.10856632  0.70352289  0.44228083  0.55102959  0.59858916
  0.59026245  0.34280229  0.27320789  0.38706938  0.13176193  0.17183744
  0.33880727 -0.22419739 -0.11496036 -0.26263914 -0.17701761 -0.30283824
 -0.36404832 -0.95572358 -0.59363173]
    Weight (w): [-0.85536047  0.00387498 -0.04123515  0.00191185  0.03423485  0.31215956
 -0.1770834  -0.18118706  0.15693793  0.0036652  -0.16579106  0.06548003
 -0.19623157  0.15870396 -0.20699301  0.10008619  0.23508578 -0.30907505
 -0.39329692  0.17254398  0.25440097  0.15549998 -0.24027853  0.06370115
  0.07091253  0.34376325 -0.11716465  0.00260595 -0.23801273 -0.06136999
  0.02548191  0.21768492  0.1392617 ]
    Xi: 0.000000
    Gamma: 1.000000
    QP Objective: 1.2360854985728875

  Function 2:
    Center: [-0.86492188  0.7285697  -0.7501035   0.68653967  0.63189613 -0.07056524
 -0.14963959  0.18974992  0.51861165 -0.11890156 -0.56437862 -0.54358606
 -0.41027486 -0.50187521 -0.3683325  -0.59521834 -0.41263256 -0.58031452
 -0.71566521  0.2203408  -0.68232861  0.54537689 -0.04482935  0.59863585
  0.43461151 -0.12851811  0.20909868  0.16060634  0.3044954   1.09370455
 -0.21867771  0.59621684  2.17919065]
    Weight (w): [-0.62851452 -0.16089269  0.28375011 -0.15545705 -0.21848991  0.33500498
 -0.08897192 -0.21903063  0.30296357 -0.09807373 -0.1348513   0.13874792
 -0.32685214  0.17812074 -0.07626907 -0.31153132 -0.0717816  -0.11923646
  0.00369639  0.34087429  0.254171    0.31442624 -0.04091636  0.09231632
  0.23706071  0.21642048 -0.35064665  0.17391005  0.18684661 -0.32998896
  0.09669056  0.25159079 -0.21147992]
    Xi: 0.000000
    Gamma: 1.000000
    QP Objective: 1.490619399974464

  Function 3:
    Center: [ 0.2695994   0.64612638 -0.68712859  0.5458883   0.56641735  0.06553526
 -0.47914584 -0.26057368 -0.02561649 -0.55372362 -0.86349684 -0.02407303
 -1.20016586 -0.20944813  0.01611466 -0.71218138 -0.75130886 -0.63700182
 -0.44245859 -0.72271728 -0.74337534  1.10536017 -0.9277857   0.78948067
  0.97008877  0.26331129 -0.29961288 -0.02878591  0.46869799  0.19335461
 -0.06288966  3.1827842   0.70035205]
    Weight (w): [-0.19577177 -0.13618969 -0.22278005 -0.1483612  -0.16182714  0.00254707
 -0.05364542 -0.01340429  0.03784227 -0.15774379  0.0905531   0.03935413
  0.21494409 -0.01849806  0.00593338 -0.13759548 -0.05681071 -0.19161506
 -0.3497231   0.00687291 -0.06250764 -0.06972825  0.14564515 -0.11192391
 -0.07619639 -0.01672692  0.04227742 -0.00619588 -0.18012109 -0.04057805
  0.01799114 -0.40428394 -0.07066947]
    Xi: 0.064483
    Gamma: 1.000000
    QP Objective: 0.1679071829098555

--------------------------------------------------

--- Model: VNS-RPCF ---
Accuracy: 0.7833
Training Time: 0.2408 seconds
Number of Functions (Centers): 3

Evaluation Metrics:
              precision    recall  f1-score   support

          -1       0.80      0.96      0.87        46
           1       0.60      0.21      0.32        14

    accuracy                           0.78        60
   macro avg       0.70      0.59      0.59        60
weighted avg       0.75      0.78      0.74        60

Model Parameters (Functions):
  Function 1:
    Center: [ 2.01501676 -0.0863509  -1.37052298  0.05360853 -0.16324404  1.27442798
  1.70684684  0.94691863  1.57806611  4.06489054  1.58207157  1.43101607
 -0.54928654  1.38016722  0.86022689  0.42711271  0.38652968 -0.16476778
  1.61569799  0.26430133  1.78851184  0.29019463 -1.45589356  0.41820075
  0.09587509  0.48200678  0.18219567 -0.29670665  1.69134164  1.10971077
  0.71368298  0.80314223 -0.40877691]
    Weight (w): [-0.81186652 -0.00889891 -0.05858651 -0.00846518  0.02360051  0.28720672
 -0.2222368  -0.18997968  0.16022449  0.08094931 -0.15386694  0.06813671
 -0.18469262  0.17323896 -0.20457613  0.08456561  0.21669423 -0.35745417
 -0.35137333  0.10608982  0.2736108   0.16473877 -0.23625857  0.08223458
  0.07807685  0.32394983 -0.11902362 -0.02089167 -0.18897509 -0.04319995
  0.04929354  0.22601241  0.18650282]
    Xi: 0.000000
    Gamma: 1.000000
    QP Objective: 1.2394086560148865

  Function 2:
    Center: [-0.98128304 -0.04512924  0.73330548 -0.1151731  -0.11740889 -1.55085838
 -0.63787141 -0.50917504 -0.87051662 -1.68279939 -1.19585041 -0.30177166
  0.78941492 -0.44430363 -0.24756595  0.45407825  0.67625445  0.41651724
  0.42269572 -0.48302771 -0.12825195 -0.15164871  0.88643972 -0.26190078
 -0.20693474 -0.01461422  0.28797343  0.38637576 -0.10823004 -0.97910108
 -0.53925068  3.1827842  -0.59363173]
    Weight (w): [-0.69759907 -0.13351934 -0.00191428 -0.14585483 -0.22378526  0.50547522
 -0.18466223 -0.32237384  0.40967144 -0.02984563 -0.07430453  0.09757509
 -0.30904076  0.2739032  -0.07218935 -0.19226909 -0.08193859 -0.31233112
 -0.04215326  0.30979447  0.16609543  0.29851806 -0.07371938  0.17438172
  0.2085925   0.17723104 -0.27398059 -0.08086065  0.08628108 -0.13640197
  0.10124568  0.34953423 -0.06063439]
    Xi: 0.000000
    Gamma: 1.000000
    QP Objective: 1.4912871040882523

  Function 3:
    Center: [ 0.2695994   0.64612638 -0.68712859  0.5458883   0.56641735  0.06553526
 -0.47914584 -0.26057368 -0.02561649 -0.55372362 -0.86349684 -0.02407303
 -1.20016586 -0.20944813  0.01611466 -0.71218138 -0.75130886 -0.63700182
 -0.44245859 -0.72271728 -0.74337534  1.10536017 -0.9277857   0.78948067
  0.97008877  0.26331129 -0.29961288 -0.02878591  0.46869799  0.19335461
 -0.06288966  3.1827842   0.70035205]
    Weight (w): [-0.03345498 -0.11612575 -0.01384645 -0.10643318 -0.11371765  0.15739526
  0.04042079  0.08096532  0.059583    0.07515837  0.06663634 -0.12579226
 -0.20127811 -0.14279327 -0.07469252  0.0811341  -0.02996861  0.02516576
 -0.11379609 -0.05913305 -0.06733681 -0.00957644  0.0713725   0.00364624
  0.02797716  0.25865388  0.05481838  0.10938447  0.17577884  0.09147931
  0.02690294 -0.12737538  0.06294829]
    Xi: 0.106458
    Gamma: 1.000000
    QP Objective: 0.13564221091795164

